000211012
000213002
000213012
000215012
000215022
000215032
000215042
000216001
000217002
000217012
000217022
000217032
000217042
000218002
000218022
000218042
000219002
000219012
000219032
000219042
000219062
000219082
000219112
000219122
000219512
000219522
000219532
000219542
000219552
000219562
000219572
000219582
000221002
000221012
000221022
000221032
000224001
000225002
000225012
000226021
000227001
000227011
000304011
000304021
000305001
000305011
000305021
000305031
000305041
000314011
000318001
000318011
000318021
000318031
000318041
000318051
000318061
000318071
000318081
000318091
000318101
000318111
000318121
000318131
000318141
000321012
000321022
000321032
000321042
000321052
000321062
000321072
000321082
000321092
000321102
000321112
000321122
000327011
000327021
000346011
000346021
000346031
000347001
000347011
000347021
000347031
000347041
000347051
000347061
000348001
000348011
000348021
000348031
000348041
000348051
000348061
000348071
000348081
000348091
000348101
000348111
000350001
000350011
000350021
000350031
000350041
000350051
000351001
000351011
000351021
000351031
000356001
000356011
000356021
000356041
000356051
000601002
000601012
000601022
000601032
000601042
000603001
000604001
000604011
000604021
000604031
000605002
000605012
000605022
000702011
000702021
000710002
000711002
000711012
000712001
002005011
002006031
002006041
002006051
002006061
002006071
002006081
002006091
002006101
002006111
002006121
002006211
002006231
002006241
002006251
002006261
002006271
002006291
002006621
002006631
002006641
002008001
002008011
002012011
002012021
002015011
002015021
002021011
002034011
002051001
002062011
002062021
002062031
002062041
002065011
002065021
002068001
002068011
002068021
002071011
002071021
002074011
002074021
002081001
002081011
002097011
002097021
002112001
002112011
002115001
002151001
002153021
002153031
002153041
002154001
002155001
002155011
002301021
002301031
002303011
002303021
002303031
002303041
002303051
002303061
002303071
002304001
002304011
002305011
002305031
002305041
002311001
002311011
002312001
002314001
002314011
002316001
002316011
002325001
002325011
002327001
002327011
002327021
002328001
002328011
002329001
002335001
002335021
002335031
002337001
002337011
002338001
002339001
002339011
002339021
002340001
002340011
002341001
002343001
002343011
002344001
002345001
002345011
002346001
002347021
002349001
002349011
002350001
002353001
002360021
002361001
002361011
002361021
002362001
002362011
002363001
002363011
002366001
002366011
002366021
002366041
002366051
002366061
002367001
002368001
002368011
002369001
002370001
002370011
002649001
002893011
002893021
002893031
002893041
002893051
002893061
002893071
002893081
002893091
002893101
002893171
002893181
002893191
002893201
002893211
002893221
002893241
002893271
002937011
002937021
003826001
003827001
003827011
003827021
003828001
003828011
003828021
003830011
010032002
010069022
010069032
010082001
010091002
010095012
010095022
010097002
010097012
010102012
010102022
010102032
010102042
010103012
010103022
010103032
010103042
010103052
010103062
010103072
010104002
010104012
010104022
010104042
010105012
010105022
010105042
010105052
010105062
010105072
010107002
010107022
010107032
010107042
010107062
010108002
010110001
010111011
010113002
010114002
010116001
010118001
010121001
010122002
010122012
010122022
010123002
010123012
010123022
010126001
010126011
010126021
010130001
010131002
010131012
010131022
010131032
010131042
010132012
010132022
010132032
010132042
010923002
010925001
010926002
010927001
031004011
031004031
031004041
031004051
031004061
031004071
031007011
031007021
031007031
031008011
031008021
031008031
031008041
031008051
031009021
031009031
031010011
031010021
031011011
031011021
031011031
031011041
031012011
031013011
031013021
031013031
031013041
031014011
031014021
031014031
031014041
031014051
031015011
031017011
031017021
031017031
031032011
031033011
031219011
032002011
032002021
032002031
032002041
032002051
032002061
032002071
032002081
032002091
032002101
032002111
032002121
032002131
032002211
032002221
032002231
032002241
032002251
032002261
032002271
032002281
032002291
032002301
032002411
032002421
032002431
032002441
032002451
032002461
032002471
032002481
032002491
032002501
032002511
032002521
032002611
032002621
032002631
032002641
032002651
032002661
032002671
032002681
032002691
032002701
032002711
032002721
032002731
032002811
032002911
032002921
032002931
032002941
032002951
032005001
032005011
032006001
032007001
032007011
032009001
032010001
032010011
032013001
032013011
032016001
032016011
032017001
032018001
032019001
032019011
032019021
032023001
032023011
032023021
032027001
032027011
032027021
032029001
032029011
032029021
041015001
041026011
041038001
041066001
041095001
041099011
041100001
041100031
041110001
041113001
041116001
041123011
041131001
041133001
041133011
041135001
041136001
041136011
041136021
041138001
041141001
041145001
041145011
041145021
041169001
041173001
041174001
041175001
042004001
042015001
042015011
042023011
042026001
042043021
042044001
042051001
042085001
042086001
042086011
042089001
042096001
042103001
042112091
042112101
042116011
042116031
042121001
042124001
042131001
042133001
042133011
042136001
042137001
042137011
042142001
042156011
042156031
042167001
042176001
042178001
042179001
042180001
042181001
042181011
042182001
042183001
042184001
043016001
043016011
043021001
043024001
043025001
043025011
043027001
043027011
043028001
043028011
043030001
043031001
043031011
043031021
043038001
043039001
043039011
044006011
044008001
044015001
044022001
044027001
044041001
044042001
044044001
044046001
044049001
044056001
044066001
044084001
044091001
044092001
044094001
044095001
045022001
050001001
050001011
050002001
050004001
050006001
050013061
050016001
050019001
050023001
050024001
050025001
050026001
050028001
050029001
050032001
050039001
050041001
050043001
050048001
050051001
050053001
050054001
050059001
050060001
050063001
050064001
050069001
050070001
050078001
050081001
050083001
050084001
050089001
050091001
050092001
050095001
050099001
050107001
050110001
050117001
050123001
050141001
050145001
050148001
050151001
050152001
050153001
050159001
050160001
050164001
050165001
050166001
050171001
050173001
050176001
050178001
050181001
050184001
050188001
050189001
050191001
050192001
050199011
050200001
050202001
050204001
050204011
050206001
050207001
050208001
050212001
050214001
050218001
050221001
050222001
050224001
050225001
050227001
050228001
050229001
050230001
050231001
050232001
050233001
070063001
070066001
070074001
070079001
070081001
070082001
070084001
070085001
070090001
070091001
070105001
070109001
070111001
070112001
070113001
070116001
070117001
070135001
070142001
070142011
070142021
070142031
070142041
070142051
070142061
070142071
070142081
070145001
070145011
070149001
070150001
070153001
070153011
070153021
070155001
070157001
070160001
070163001
070166001
070169001
070170001
070170011
070170031
070170051
070170061
070170071
070949001
088001001
089012001
089014001
090005001
090006001
090011001
090013001
090014011
090021001
090023001
090025001
090031001
090033001
090043001
090044001
090060001
090060011
090060021
090063001
090066001
090067001
090068001
090069001
090075001
090085001
090088001
090089001
090095001
090098001
090101001
090104001
090106001
100801001
100802001
101005012
101005022
101008002
101008012
101011001
101015001
101016001
101022002
101023001
101032001
101033001
101033011
101034001
101036001
101037001
101039002
101052001
101056002
101061001
101062002
101065011
101065021
101066001
101067011
101067021
101069001
101069011
101072001
101698001
101815001
101816001
101817001
101818001
101819001
101820001
101828001
101829001
101879002
101881001
101891001
102007011
102013001
102023001
102093001
102109001
102112001
102114001
102116001
102120001
102122001
102634001
102656001
102660001
102665001
102679001
102682001
102686001
102821001
102824001
102834001
102837001
102861001
102866001
102891001
102935001
102950001
103055111
103056111
103058111
103060111
103062111
103146001
103157001
103167001
103182001
103183001
103703001
103730001
103735001
103747001
103781001
103792001
103793001
103794001
103795001
103796001
103797001
103805001
103815002
103820001
103822001
103831001
103916001
104003001
104049001
104065121
104066111
104077001
104082001
104093111
104100121
104109121
104111111
104145111
104146111
104147121
104148121
104149111
104150111
104642001
104642011
104642021
104777001
104899001
109001011
109003011
109004001
109006011
109007001
109010001
109016001
109026002
109028001
109029001
109031001
109033001
109037001
109039001
109044001
109048001
109858001
109890001
109892001
109894001
109900001
109903001
109937001
109938001
151552001
151555001
151566001
151615002
151719001
151720001
151721001
151722002
151725002
151731001
151743001
151746001
151761001
151913001
151917001
151933002
151944001
152037001
152576001
152577001
152587001
152606001
152609001
152630001
152657001
152658001
152662001
152673001
152687001
152703001
152721001
152734001
152751001
152758001
152768001
152776001
152790001
152929001
153011001
153551001
153552001
153553001
153554001
153555001
153556001
153557001
153563001
153574001
153581001
153591001
153609001
153610001
153611001
153630001
153641001
153649001
153693001
153710001
154389001
154390001
154391001
154392001
154393001
154394001
154395001
154407001
154409001
154561001
154619001
154872001
155001001
155032001
155807001
155813001
155814001
155815001
155816001
155822001
155829001
155833001
155845001
155846001
155857001
155882001
156041001
156045001
156046001
156049001
156052001
156751001
156752001
156753001
156754001
156755001
156756001
156757001
156766001
156770001
156771001
156811001
156849001
157012001
157868001
157885001
157926001
157930001
157938001
158007002
158009001
158819001
158820001
158821001
158822001
158823001
158824001
158833001
158857001
158896001
158898001
158900001
158923001
158941001
158945001
159001002
159836001
159837001
159857001
159860001
159864001
159868001
159869001
159917001
160797001
160798001
160799001
160824001
160828001
160837001
160860001
160862001
160919001
161797001
161798001
161810001
161821001
161823001
161827001
161836001
161858001
161860001
161916001
171921001
171925001
171927001
171943001
172003001
172006001
172913001
172915001
172919001
172920001
172927001
172930001
172939001
172942001
202002002
202003002
202008001
202014001
202035002
202102001
202114001
202120001
202121001
202124001
202125001
202131001
202836001
202841001
202844001
202853001
202886001
202918001
203004001
203007002
203009001
203010001
203056001
203060001
203060011
203066001
203070001
203074001
203816001
203817001
203819001
203820001
203825001
203833001
203836001
203844001
203862001
203877001
203878001
203889002
203915001
203921001
203929001
204004012
204007002
204008012
204024001
204032001
204035001
204042001
204043001
204104001
204673001
204751001
204800001
204862001
204863001
204864001
204865001
204879001
204881001
204882001
204903001
204951012
204952002
204954002
204955012
204958001
205003002
205003012
205005012
205007011
205008011
205009001
205010002
205016011
205017001
205858001
205859001
205868001
205880001
205890001
205893001
205907001
205913001
205915001
205929001
206001001
206005002
206033002
206050002
206053001
206058001
206061001
206067001
206070001
206810001
206812001
206813001
206814001
206815001
206819001
206820001
206834001
207003012
207004002
207005002
207005012
207008002
207017012
207028011
207029002
207029012
207031002
207045002
207047001
207061001
207069001
207072001
207074001
207074011
207075001
207079002
207080001
207084001
207088002
207091001
207100002
207101002
207752001
207753001
207765001
207780001
207786002
207788001
207793001
207797001
207798001
207822001
207879001
207886001
207905001
207907001
207934001
207938001
207955002
207957002
207957012
207960002
208002002
208010012
208017001
208017011
208791001
208792001
208795001
208803001
208862001
208872002
208882001
208915001
208943001
208946002
209001002
209003002
209008001
209016001
209022001
209034002
209050002
209057002
209058002
209060002
209063001
209064001
209100002
209101002
209652001
209653001
209656001
209657001
209669001
209730001
209742001
209759001
209782002
209831001
252019002
252022001
252103001
252104001
252720001
252725001
252745001
252766001
252778001
252782001
252799001
252863001
252867001
252915001
252922001
252952002
253003011
253008001
253010001
253047001
253800001
253806001
253807001
253810001
253813001
253816001
253875001
254002001
254003001
254007001
254055001
254071001
254080001
254088001
254108001
254115001
254124001
254125001
254126001
254866001
254868001
254873001
254901001
255002001
255007001
255022001
255024001
255029001
255036011
255038011
255043001
255044001
255046001
255834001
255836001
255837001
255841001
255843001
255852001
255869001
255882001
256016001
256016011
256021001
256021011
256025001
256687001
256688001
256694001
256697001
256710001
256747001
256768001
256840001
257724001
257726001
257737001
257738001
257748001
257755001
257764001
257773001
257786001
257789001
257811001
257831001
257833001
257903001
258002001
258004001
258007011
258010001
258012001
258724001
258725001
258726001
258729001
258732002
258733002
258734001
258745001
258761001
258764001
258768001
258913001
258931001
258935001
259053001
259058001
259519001
259530001
259602001
259704001
259705001
259804001
259813001
259821001
260037001
260040001
260103001
260104001
260108001
260739001
260872001
260873001
260887001
260904001
260908001
260940001
261043001
261100001
261103001
261106001
261633001
261860001
261902001
261908001
261913001
261921001
261927001
261928001
261929001
261931001
262002002
262015001
262016001
262017001
262018001
262812001
262813001
262814001
262836001
262852001
262853001
262856001
262860001
262885001
262890001
262935001
262937001
263823001
263830001
263836001
263841001
263847001
263873001
263898001
264008001
264008011
264013001
264101001
264102001
264890001
264899001
264900001
264946001
265002001
265839001
265840001
265843001
265847001
265849001
265857001
265862001
265879001
265880001
265889001
265891001
265908001
265910001
266002001
266904001
266905001
266906001
266908001
266912001
266913001
266915001
266925001
266928001
266935001
266937001
266938001
300808001
300809001
300810001
300811001
300812001
300813001
300814001
300820001
300822001
300823001
300824001
300829001
300831001
300836001
300846001
300848001
300853001
300860001
300886001
300886011
300886021
300886031
300886041
300894001
300894011
300894021
300894031
300894041
300894051
300897001
300897011
300897021
300897031
300897041
300897051
300897061
300901001
300902011
300905001
300933002
301029001
301030001
301031001
301034001
301035001
301039001
301779001
301780001
301783001
301786001
301787001
301796001
301815001
301820001
301839001
301848001
301851001
301915001
302018001
302037001
302041001
302806001
302807001
302809001
302899001
303013011
303019001
303019011
303021001
303021011
303032001
303032011
303035001
303035011
303036001
303036011
303039001
303039011
303043001
303043011
303043021
303845001
303846001
303847001
000012001
303853001
303867001
303874001
303878001
303890001
303896001
303897001
303898001
303899001
303962001
303962011
304002002
304004002
304008001
304022001
304023001
304028001
304029001
304842001
304850001
304856001
304879001
304881001
305009001
305009011
305018001
305021001
305023001
305037001
305049001
305051001
305051011
305641001
305650001
305740001
305745001
305748001
305762001
305763001
305764001
305765001
305769001
305771001
305772001
305775001
305776001
305778001
305821001
305866001
305882001
306007011
306008001
306008011
306016003
306016013
306016023
306016033
306016043
306016053
306044001
306048001
306048011
306050001
306050011
306525001
306744001
306745001
306752001
306756001
306859001
306880001
307851001
307867001
307870001
307873001
307874001
307901001
307910001
307912001
307914001
307932001
308003002
308010001
308013001
308018001
308044001
308051001
308852001
308855001
308857001
308859001
308878001
308936001
308945001
308947001
351012001
351022001
351029011
351031011
351724001
351725001
351729001
351730001
351731001
351732001
351736001
351737001
351753001
351761001
351792001
351794001
351801001
351857001
351868001
351880001
351881011
351906001
351908001
351946001
352026002
352027001
352030001
352045001
352050001
352056001
352057001
352777001
352778001
352779001
352780001
352781001
352783001
352785001
352797001
352801001
352884001
353001001
353008011
353040001
353057001
353798001
353799001
353803001
353804001
353810001
353814001
353816001
353817001
353818001
353836001
353844001
353848001
353912001
353927001
354001002
354020001
354712001
354714001
354719002
354730001
354749002
354755001
354900001
354939001
355011001
355101001
355102001
355107001
355501001
355502001
355503001
355504001
355529001
355534001
355536001
355548001
355610001
355625001
355674001
355730001
355819001
356003001
356007001
356009001
356010001
356016001
356017001
356018001
356019001
356402001
356403001
356404001
356405001
356408001
356425001
356461001
356572001
356587001
356612001
356808001
356812001
356813001
356822001
356825001
357029001
357031001
357040001
357043001
357873001
357874001
357875001
357879001
357885001
357891001
357900001
357916001
357924001
357928001
357935001
358002001
358003002
358007001
358024001
358032001
358035001
358052011
358053001
358055001
358057001
358065001
358071001
358795001
358839001
358870001
358890001
474121112
474122112
474122122
474123112
474123122
474124112
000004678
474124122
000004678
474124132
000004678
474125112
474125122
474125132
474126112
474126122
474997112
474999112
363941001
363945001
363946001
363948001
363949001
363950001
364006001
364022001
364030001
364033011
364040001
364042001
364048001
364049001
364058001
364064001
364065001
364067001
364069001
364070001
364101001
364102001
364107001
364151001
364152001
364810001
364811001
364813001
364815001
364819001
364826001
364827001
364830001
364831001
364832001
364838001
364842001
364851001
364857001
364863001
364870001
364875001
364890001
364891001
364905001
364908001
364940001
400902001
400903001
400904001
400905001
400906001
400908002
400908012
400908022
400908032
400909002
400910002
400912002
401114001
401115001
401734001
401736001
401739001
401741001
401744001
401745001
401761001
401835001
401895001
402051001
402051011
402683001
402684001
402685001
402689001
402693001
402696001
402704001
402712001
402728001
402809001
402815001
402841001
402917001
403053001
403059001
403060001
403756001
403757001
403758001
403761001
403762001
403763001
403766001
403770001
403779001
403791001
403794001
403797001
403799001
403884001
403943001
405002001
405002011
405002021
405002031
405003001
405003011
405003021
405004001
405004011
405004021
405907001
405908001
405909001
405915001
405917001
405921001
405922001
405923001
405925001
405926001
405927001
405929001
405931001
405935001
405936001
405937001
405944001
405945001
405948001
405948011
405949001
405950001
405950011
461885001
461890001
461891001
461903001
461910001
461913001
461920001
461935001
461942001
462004001
462006001
462008001
462907001
462909001
462912001
462918001
462922001
462926001
463004001
463905001
463906001
463907001
463908001
463909001
463912001
463914001
463917001
463920001
463921001
463927001
463930001
463933001
463935001
463938001
463939001
463940001
464834001
464835001
464836001
464837001
464838001
464840001
464842001
464844001
464847001
464849001
464850001
464856001
464863001
464865001
464875001
464877001
464879001
464880001
464888001
464889001
464893001
464899001
464906001
464917001
464925001
464926001
464929001
464932001
464934001
464935001
464939001
501009002
501009012
501011001
501011011
501017001
501019002
501019012
501019022
501019032
501019042
501019052
501041012
501041022
501041032
501041042
501041052
501041062
501044001
501044011
501045001
501047001
501051001
501053001
501058001
501058011
501058021
501059001
501804001
501805001
501814001
501825001
501838001
501841001
501842001
501856001
501871001
501873001
501891001
501893001
501894001
501925001
502017002
502089002
502090002
502092002
502093002
502095002
502097002
502100002
502101002
502101012
502108002
502108012
502111002
502113002
502114002
502114012
502115002
502115012
502873001
502903002
504015002
504015012
504015022
504020002
504020012
504021002
504021012
504021022
504024002
504024012
504024022
504031002
504031012
504031022
504032002
504032012
504032022
504037001
504044001
504047002
504047012
504053001
504054002
504054012
504054022
504055002
504055012
504055022
504096002
504096012
504807001
504808001
504810001
504813001
504818001
504824001
504827002
504830002
504831002
504834002
504838002
504839002
504860001
504884001
504887001
504888002
504898002
504900002
504901002
504902002
504909001
504910002
504914001
504919002
504927002
504930001
506003002
506003012
506005002
506006002
506006012
506007002
506008002
506009002
506009012
506010002
506010012
506011002
506011012
506060001
506061001
506062001
506066001
506067001
506068001
506867001
506868002
506869001
506875001
506883001
506914002
506931001
506940001
506945002
507010002
507026002
507027002
507028002
507029002
507044002
507046002
507046012
507047002
507047012
507049002
507049012
507835001
507836001
507842001
507847001
507861001
507862001
507873001
507875001
507888002
507892001
507912001
507942001
508047002
508052002
508055002
508060002
508061002
508062002
508063001
508064001
508065001
508066001
508067001
508068001
508072001
508074001
508076001
508078001
508079002
508079012
508080002
508080012
509004002
509005002
509006002
509007002
509008002
509009002
509014002
509015002
509016002
509017002
509018002
509019002
509024002
509025002
509026002
509031002
509032002
509033002
509034002
509035002
509036002
509040002
509041002
509042002
509043001
509044001
509045001
509047002
509048002
509049002
509050002
509051002
509052002
509053001
509056002
509057002
509058002
509059002
509060002
509061002
509062002
509063002
509064002
509065002
509066002
509067002
509923001
509924001
509925002
509926002
509927002
509932001
509934001
510001002
510002002
510004001
510005001
510949001
551007001
551012001
551016001
551752001
551753001
551797001
551800001
551801001
551810001
551833001
551837001
554008002
554009002
554879001
554889001
554907001
554926001
555002001
555767001
555789001
555820001
555850001
555923001
555939001
556825001
556826001
556831001
556844001
556870001
556895001
556911001
556925001
557003001
557101001
557929001
557937001
557941001
557949001
560004001
560005001
560939001
560940001
560941001
560942001
560947001
599000001
599845001
599850001
599852001
599854001
599856001
599861001
599865001
599880001
599882001
599885001
599886001
599890001
599894001
599896001
599902001
599906001
599912001
599916001
599918001
599920001
599922001
599924001
599926001
599936001
599939001
599947001
599947011
599947021
599947031
599947041
599948001
599948011
599948021
599948031
599949001
599949011
599949021
599949031
599950001
599950011
599950021
599950031
599950041
601017001
601042001
601047001
601056001
601085001
601091001
601091011
601091021
601102001
601102011
601102021
601103001
601103011
601109001
601109011
601110001
601110011
601117001
601118001
601121001
601121011
601121021
601125001
601125011
601125021
601126001
601126011
601126021
601133001
601133011
601135001
601136001
601136011
601136021
601142001
601143001
601144001
601144011
601145001
601145011
601494001
601495001
601496001
601497001
601498001
601499001
601500001
601521001
601526001
601527001
601535001
601559001
601566001
601588001
601595001
601600001
601616001
601630001
601640001
601674001
601679001
601757001
601821001
601900001
601915001
601943001
601944001
651043001
651067011
651081001
651087001
651098001
651160001
651171001
651172001
651181001
651220001
651230001
651277001
651284001
651297001
651316001
651322001
651357001
651370001
651430001
651547001
651550001
651553001
651554001
651555001
651556001
651557001
651559001
651560001
651564001
651582001
651639001
651641001
651645001
651657001
651717001
651719001
651722001
651726001
651813001
651923001
652096001
652098001
652099002
652100002
652103001
652116001
652139001
652141001
652146001
652154001
652156001
652159001
652160002
652161001
652161011
652162001
652162011
652163001
652164001
652165001
652165011
652166001
652166011
652186001
652187001
652879001
652893001
652894001
652905001
652907001
652927001
701001002
701002002
701003002
701006002
701007002
701008002
701010002
701011002
701012002
701013002
701820002
701874002
701882001
701932001
701937002
701941001
702001002
702002002
702004002
702005002
702009001
702010001
702013001
702018001
702019001
702753001
702754001
702755001
702763001
702766001
702775001
702784001
702801001
702818001
702897001
702899001
702907001
702914001
702925001
702927001
702931001
703002001
703014001
703015001
703022001
703023001
703025001
703032001
703039001
703044001
703044011
703044021
703044031
703046001
703050001
703056001
703840001
703841001
703842001
703845001
703846001
703848001
703853001
703880001
703901001
703903001
703918001
703920001
703958001
751007002
751011002
751012002
751013002
751016002
751026001
751027001
751027011
751029001
751031001
751744002
751752001
751777002
751813002
751911001
751913002
751914002
751916002
751924002
751925001
752002001
752005001
752007001
752008001
752009001
752010001
752013001
752613001
752614001
752616001
752618001
752620001
752627001
752683001
752696001
752735001
752751001
752802001
752821001
752835001
752857001
752915001
752927001
753006001
753008001
753009001
753011001
753013001
753015001
753017001
753836001
753840001
753841001
753844001
753845001
753848001
753856001
753858001
753860001
753861001
753863001
753875001
753884001
753916001
753917001
754006001
754012001
754013001
754923001
754925001
754934001
754940001
754941001
754946001
755002002
755003001
755009001
755012001
755014002
755016001
755748001
755749001
755750001
761005001
761011001
761012001
761013001
761941001
761947001
781011001
781013001
781018001
781019001
781022001
781023001
781024001
781027001
781029001
781031001
781032001
781036001
781941001
781943001
861003001
861857001
861859001
861860001
861861001
861862001
861863001
861881001
861884001
861886001
861887001
861926001
862003001
862005001
862916001
862917001
862918001
862930001
862931001
862938001
862939001
862940001
862942001
862947001
863002001
863004001
863911001
863913001
863927001
863930001
863932001
863938001
900001001
900004001
900934001
900936001
900938001
911004001
911005001
911923001
911928001
911943001
911948001
912020001
912857001
912858001
912859001
912929001
913002001
913939001
913940001
913945001
921025001
921027001
921027011
921032011
921033001
921034001
921035001
921037001
921824001
921825001
921831001
921832001
921833001
921834001
921835001
921839001
921840001
921843001
921872001
922001001
922016001
922022001
922923001
922926001
922928001
922929001
922938001
922942001
923881001
923882001
923890001
923907001
923912001
923914001
923918001
923919001
923925001
923937001
926891001
926893001
926896001
926897001
926910001
926911001
926912001
926915001
926917001
926918001
926920001
926921001
933002001
933003001
933004001
933880001
933881001
933882001
933889001
933894011
933899001
933905001
933915001
933933001
934575001
941003001
941004001
941012001
941915001
941920001
941927001
941930001
941949001
961002001
961020001
961021001
961022001
961023001
961024001
961025001
961028001
961030001
961040001
961047001
961060001
961066001
961068001
961079001
961090001
961095001
961100001
961118001
961119001
961120001
961121001
961122001
971003001
971004001
971006001
971880001
971881001
971882001
971896001
971925001
981009001
981913001
981917001
981918001
981922001
981925001
981930001
981933001
981937001
981939001
981940001
993003001
993013001
993015001
